1.00794730761356
3.04639288867960
0.937825543055926
4.71130780085481
8.02229425544014
7.71823926329871
7.72593205513961
6.67236854869649
5.25223841544762
4.09046695865109
3.32068347446268
3.58411721998579
1.54944193278166
1.79397819691502
3.75438183792405
5.71201227972572
5.96446025949917
6.01815908284282
3.78485894667105
4.07530461828361
4.18273151999308
2.02633337697817
1.57552959498908
0.103489365686186
1.59703244100467
0.166871218130170
1.14123672644137
1.15398987583715
-0.396731268250749
0.865732780996820
-1.40418315820639
-0.925600256658369
0.486626614769397
-0.0660185520591950
0.205528087733706
0.792843459530684
1.47113862046380
-0.240290367310050
-1.66822329893982
-2.24328660003873
-1.54169066101062
-4.39332032124873
-5.09584372442274
-3.92088266566973
-1.81395671237226
-2.30374999423833
-3.50867357389424
-3.43634898638099
-1.37231473903034
0.647228927947745
1.88030046402493
-1.50613656505991
-3.30209835721344
-0.228130856505458
1.33194315818098
0.606716819475055
-4.74135944898773
-5.60375370725468
-6.32947195708791
-0.602517224835987
-2.67060465530810
-1.84435584376324
-2.82336600385872
-3.38537268013427
-2.73623970808629
0.283759093004032
-1.55574728224054
-3.55241762879254
-4.12123903549018
-2.63481872527770
-1.10787849429689
-2.16973210355334
-2.43094421225747
0.643557663867646
0.970498169573292
1.14508693848290
3.81152429205816
1.53461217430420
0.583451735045742
0.140745342568256
-0.239601738877256
-1.40668734892622
-1.10452763632847
-2.27673330456425
-3.44253072932481
-0.222530190052096
-2.38591559875215
-3.52377639039034
-0.262206704389607
0.313320049655367
-0.504598420451197
-0.229616315805211
-0.904260720308142
-0.101024328227332
-0.482203957869636
-0.530610709024272
-1.92272206249953
-3.17330662352286
-2.14215650226766
2.22241459123471
4.73732489999341
11.2138828031310
11.2998938011255
9.80814194852198
12.2628673436522
7.39563054121303
7.39220172609632
-1.96397414319925
-0.646019374161406
4.92281793284119
-3.84902901542620
0.163140856949396
2.17836021748316
-0.251088538492011
1.49889518894776
4.05620714362032
3.66068025331662
3.06016871868758
2.10623286808613
2.80917949214733
1.07271678358812
1.53889573618968
3.38881098222592
3.88095571441820
5.14506160493778
3.23790706179739
0.399416896648027
1.53274060429408
1.08630067732381
1.34339473247332
-0.491386125341119
0.610122135570220
-1.20914850198462
-1.44856700828169
-0.327180992916076
0.0452086802332321
3.50139342111932
-1.88790710358996
-4.71731452226992
-3.24037674250928
-3.84230765534360
-2.15202995964197
1.56704685912631
2.57554702198434
0.799936760003543
2.42711912461652
0.723978589456194
-2.04995395163371
1.54332435464957
4.21733933175931
1.11586924607861
-2.79564514256551
-1.11522369185521
2.36699488105778
0.175778522441340
-0.508870070556385
0.509210994997402
2.02466397901253
1.53824753539673
-1.26741291131820
-2.00002801140397
1.42453290621786
1.91070546096445
-0.135011435427073
-1.28302611070830
-1.98823263631854
-2.09683563720472
-11.0016526569324
-6.72578961091196
-3.90472492541237
-4.43395205958637
-11.6533571228984
-6.93244320021976
-3.22608357021174
-6.33883491576190
-7.23169479683503
-5.51210208820813
-1.45253119118558
-0.671438214119352
-4.32716966921617
-7.67623767640571
-4.50768668697618
-5.73361446547332
-3.76267941804004
-0.381955396535381
-0.454197094651121
-2.00468829033865
0.927425072956282
0.267109367797936
-1.53253934784809
-3.34768240182018
-4.03466263205379
-5.18469292392893
-5.04019820040961
-4.70884794476128
-5.43205912543278
-4.39200671000721
-3.10325386553569
-1.84743266921982
-3.02482885110420
-2.52763943446803
-0.231890052725674
-0.630467980381282
1.19670212730869
0.958907288341933
0.243916556619550
2.42792269693099
-0.560099412483814
0.272874480390892
-0.393747272861545
-1.47942536487453
-0.0995936825942295
-0.206536352083557
4.16922187673170
7.24267716825727
6.41757426345563
5.31170196825282
5.71117079610735
6.06594816943777
7.40202973039520
7.52654380535132
4.64835640363656
-0.796246338819455
6.51972012134665
-4.05496584699674
-3.51407777149704
9.86875778769529
8.36336597917596
6.81694345950144
-0.00380006850879248
6.89352356879881
12.8834237617631
12.9694375801413
15.4051137703368
15.6382182758919
13.9047667830501
11.6290937624872
5.90333626067158
5.53186186541880
0.987261795844545
-0.0136630497479456
-2.13819829429048
-3.01869405353150
-3.26577615638090
-1.85709554899243
-3.89062050081259
-2.16740091838325
-2.11694372121213
-0.728670439790466
-3.02689925081620
-4.19855466747515
-0.917690039564486
-0.971902424172478
0.691864223081163
1.20498462782291
1.56753081932968
4.22694792613661
2.39041143035904
2.63543639686212
4.03754760727139
4.90193855690810
3.64692638793907
2.77445360100464
-0.912317680001784
2.55179842269638
5.58755088249697
0.264273259629532
-1.91410191275894
-0.886711207278023
1.31540749098988
1.20782818118377
-0.379808928934177
-3.83930234287925
-4.53418228468901
-9.75373706831494
-3.22963370469264
-7.37585906505929
-6.63237114247599
-3.52271364326512
-5.06448045493391
-6.50333180689667
-5.56453606608793
-3.64434354556007
-3.92859373877590
0.0101362619064641
0.169434211066213
-1.46240963514662
-2.83729827544782
-4.78486325951334
-5.49168316357597
-6.53880372059111
-6.81273517508167
-7.50052399461357
-7.19851374898731
-6.91245240044748
-3.27118462020666
-5.13439822809998
-5.03848679196758
-4.08131875870757
-4.65254325224808
-5.47355484247845
-4.39477917652105
-2.83836816427954
-3.90031758310386
-2.94919430887219
-6.35075068199018
-5.28232528029674
-2.83974657736664
-3.23468778581001
-1.02769041793484
0.713581525964228
-0.422249535480952
1.11295457141413
2.94791488724074
2.37934498891007
2.08796862994685
0.608265624166851
1.12373528897033
3.85634001692386
3.60195780483365
4.27671144687575
2.49535552779196
3.63482586571253
3.30769172075141
5.83584976958658
6.85800377033172
-1.06748613814253
-3.37690624420108
-7.58087067630623
-10.1024104537009
-5.91804976684466
0.0752079524857558
-2.56125901314681
-1.74137529123297
1.68690666539875
4.35468693879409
8.35243550793916
6.94838417719081
6.52649374529820
6.88266418833505
8.41664106791927
4.88989643718999
1.83027771587819
1.20297585651668
-0.234531172386662
-1.07514129829912
-3.80829220548861
-4.53035287692165
-4.32058060400942
-1.00260170561954
-0.665372885961802
-1.30382911697539
0.0431421689541988
1.86065406749354
4.43415412187566
2.63835653440009
1.50291583529677
2.84379706085139
1.84027608811066
3.27069871000862
6.25689781222822
3.22413129564426
1.27201405371932
4.27638452875761
3.62972928182225
3.67005579102964
4.99840244920449
3.82371722187023
2.62203774009546
4.76954041947435
7.84135865972497
7.58393626955277
9.93567333818479
7.72002866252942
5.10323182576163
5.97452976490183
2.05940067268825
-4.47615096129112
-3.19896959357740
-6.89825268508974
3.10370473155840
2.00335746799009
-1.49221817754350
-3.92874627999946
-1.31878472822262
1.11052828617054
6.95774781516654
5.21500544158285
2.79238258797035
5.56725351024738
8.04371306988203
7.63711212636545
5.22850827210489
4.44398739137977
3.48013286134627
1.31256125271016
0.0282639315296374
-2.46203419619812
-5.29523868521223
-4.71411531610415
-4.94393801513856
-6.88994015073824
-7.98558576227048
-6.03605037411590
-5.58966506538290
-4.03348532012930
-3.35974227752922
-2.79415293889939
-2.88182812933620
-0.478606655650015
-1.99662926620469
-1.65452524486583
-2.31432441897785
-5.53171411825483
-6.22680847947240
-7.39054935984460
-8.09130355043708
-7.03033768768025
-5.79137829646015
-7.41820485103814
-5.45523842511974
-2.59064406091225
-2.10339081738873
-2.27013855891197
-3.34559700586275
-1.95669626945076
-2.13809415867333
-0.911211026123975
-4.93422787150871
-8.52598055481907
-3.58078719962475
-3.35791698858419
-4.05174224762772
-1.30689220089690
-2.65587819738531
-1.76741331018370
-5.70122069816603
-3.98018003223556
-4.31927531743390
-7.99926770952173
-5.75340008122671
-3.50319976763486
-1.96024539818768
0.412852008635900
2.24990883082700
3.37082752072835
3.14180565037422
1.74251017309885
1.63982629327979
1.77342325118916
2.80371462561541
2.61898611869608
2.38441629088344
2.03332884131564
1.43081620214578
0.455036759288801
0.551002983844675
0.335498889653726
0.451583027080858
2.41476829611850
2.13570388606181
2.08986864514712
1.13424924004731
1.39056886520330
2.73296472765437
1.33260903525499
1.19019007158753
1.64466613373616
4.09153750426861
3.57831876830913
0.0675231789164916
1.83230910846382
4.80364928720417
3.91512339225337
6.06780176252847
6.54512740480179
3.47419555878376
4.54604873586390
6.84347917522982
4.71568192964167
6.60161990086236
5.92906622555846
4.92593429266990
6.13106306368116
4.80523229535600
4.35403155860526
2.54925377078856
0.613622674467061
0.776042991896945
-5.64008028553747
-6.32234637291330
-11.7830582512529
-6.80828082289586
-3.17057406503357
-0.717013063679537
0.188052707587246
0.896535493991802
0.534619184556756
1.05952148577790
0.694452067397996
-1.33688562255409
-1.43733558202234
-0.180035912517111
2.23510204541758
2.50940310916134
0.536482322402564
1.21908609042762
1.22153493574874
0.935488452696840
1.59095611485937
1.74388797980374
-2.12458587889175
-3.62689166454930
1.15367326724744
2.21092291076104
2.71956993420668
1.44683635867791
3.79730195479133
6.10670775461422
6.30332291372189
5.16714926353269
4.23723224408402
3.87719850493895
4.78620539948152
6.02012837322114
4.90475756894239
4.49058721158405
5.63236792909407
3.54862514954619
4.00047443237619
7.69441485085549
8.05661666408189
7.43303936452299
7.87440091929294
6.91310584587890
2.86099782955204
4.57894895070543
4.88997331006843
2.06951396655278
0.571507101487967
0.395689985592678
-7.85085645995628
-5.45147108380603
-8.07056933583401
-12.7621678367269
-5.85614184400481
-0.812726109369234
-1.29865720316174
-0.727658446889525
-4.19779902570075
-0.535297986174732
0.791963431332326
-1.24003647185154
-1.12700963272547
-2.00557262826698
0.313586538381370
-2.19571977808597
-5.48489821085606
-5.08191386799946
-7.76374702772346
-7.06499219185230
-7.72327680532022
-7.88685041559955
-11.4199914292796
-10.8275408731341
-12.4419840928342
-12.4712580548924
-12.9737961730754
-14.2500793264671
-14.9597546399850
-13.8730446104706
-13.5183330456246
-13.6888267128275
-14.3523404053968
-12.8301279848772
-13.8495928417268
-11.6228881742298
-11.8733553595101
-10.2051303768887
-7.83493999238120
-8.59174458069248
-9.03126199410614
-5.12779962873673
-6.02972125287789
-4.13334197733404
-3.44748385588863
-1.32401521714161
-7.78319196231378
-5.68163270560185
-4.80351974673508
-4.11356336390815
-4.91737477259515
-3.76948319218744
6.23093241456843
1.42640738654660
6.37354498610665
9.55037002631291
14.1617406234954
14.1745546828383
13.4854220549824
13.7330519245473
12.8623458254964
10.0508483073476
7.59412684703944
9.55735780257854
8.47776890809105
7.33189066345464
8.65019815933153
10.2884832542360
10.5478403881749
12.2777779780323
12.9685198342066
13.2574870270759
13.6372226138641
12.7522340964011
9.11694051346465
8.96183063508418
9.27597108076252
9.40309817173371
6.09455710270795
8.05432466985771
9.84798410510087
5.95163536741481
8.35336452350030
7.96228846848340
9.82954004121457
12.8251017634027
12.9314929414149
8.59641790302869
3.74133236531017
6.91270502893703
8.98626229215837
8.09881280256586
7.34734108602257
6.64774770321042
7.45358606568116
9.32367584993382
9.23161752610321
7.19963584668513
4.96930908203536
3.46153285648848
-0.640571003821555
1.03450172615318
0.597287486931834
-12.6605634263406
-18.8862072090502
-13.4436587426607
-6.85147006119749
-4.47017813269588
-5.27436855606429
-3.69110729989532
-1.91544240234075
-2.48559033693783
-7.01837381265655
-7.29166670313125
-6.93547875257172
-9.26813688977815
-9.51916957170982
-8.88743830613238
-7.04746048075175
-4.86114147374010
-3.44117594105937
-5.91347199736853
-7.48063678008912
-6.01905652557672
-5.42693115855480
-6.12872829272034
-10.5681677559648
-8.75274572206616
-8.24669698378444
-8.19466672745480
-6.63554994381181
-6.26450752690553
-4.47765590331373
-5.19273193544519
-4.78500135335156
-3.79870852524733
-2.45125020569040
-2.99215610066951
-6.60927866969038
-4.22427865897617
-5.07626514588617
-3.76742692308449
-3.28425326182220
-6.62882078541031
-3.36046160045405
-1.01324680089179
-0.655484922848420
0.896570423019638
1.82052039257594
3.37927039665164
0.591561395717343
1.44157759979170
2.94991544012162
1.55111559352066
1.05074055564772
1.69619814089952
-3.65750381109910
-5.83302535894497
-7.05222948523170
-6.17739067552975
-3.62993743287390
-2.66769669459655
1.78118396186248
2.29675269042941
-0.442962103106041
3.20789746392556
6.83624650314727
8.14743776563981
8.82220207864554
9.05388825159172
7.32910905707712
3.71788750033732
1.95254558699523
2.11950261810504
0.546751213809133
-0.822138883343954
-0.709955891566051
-0.611867940877175
1.50834668202760
1.91053362725037
-1.23239185420702
0.0919905532795177
1.45686955877189
1.23464403834853
0.691856004458219
-0.483506288504719
1.69819257415992
0.522330641235529
2.64880787594656
3.71574060627569
0.994098726344361
1.00039154614306
0.201060055424948
0.235677466230310
-0.143114702550542
0.541523055508523
1.16045149912983
0.274110497823521
3.17567669304280
1.08805158508194
3.86654059334877
3.75923593351567
4.73807490596553
3.70350468629565
-0.393611281447387
-1.72225887503789
5.09404460469115
-6.18064949162724
-1.80384293790258
-1.67827454762876
-9.98843812294910
-1.37214265428648
0.886111609313467
-1.10813875188616
0.323542553731146
3.88145417971188
6.95723827999646
4.88132742311328
4.77945059465294
1.99837424546231
2.22335068467335
2.51069633275334
1.65691599186912
0.288836340452611
0.982389497290031
4.30618936946351
4.33131556185890
2.52133677308068
2.96152724614078
0.947082560896012
1.12171143070093
0.380214009827258
1.98913369048074
1.19755630938846
-0.699558372998492
-0.119576325050010
1.55156259778319
3.22184914541179
0.840297641885331
0.161535448830986
2.68052725982281
3.32180282482397
0.936384298896360
1.02964879328720
-0.358167526413203
-5.83861948805960
-3.85287657602898
-1.95420992267076
-2.20616712928384
-1.36396932011725
-4.24952779217805
-4.06238983417874
-1.94646030805535
-2.77561127464336
-4.92295839542960
-4.04686950789755
-4.00488027268705
-2.46540283132642
-12.4495793253209
-5.51618000574607
-6.04593547933317
-6.39148153615814
-8.39455648089547
-3.11989141206120
-4.22040129220995
-0.530291213762812
7.02165426285804
4.48952316364797
3.92986255229773
4.32944749011194
4.15590950382093
0.912089325892115
0.326567339473939
0.0431769764611433
-0.0506366325617915
0.487630516127861
0.848348708330111
1.54300945038478
0.435842238954654
0.661734750421644
0.649587900196124
0.0111940180463936
0.840144093106132
0.287195626148037
0.817585793478533
0.613271981413633
-1.20723584703489
-1.37536863905924
1.75648827584790
1.18447906022143
-1.20658617896379
1.71538668605123
3.33930403675856
1.35599916514285
3.74617695167249
3.56635948877915
2.03110861005198
1.90030544821738
1.85978141045456
1.11710145631935
-0.192246497955224
-0.155393267436509
-1.79012039370390
-1.67467069327791
-2.49296141873492
-4.16468779515439
-1.29287745121209
-1.40485195224016
-1.08710365795488
-3.11401107430642
-2.65877493374511
-0.778333492724321
-3.21672114020140
-6.72447100008236
-4.28100302487418
-4.44667889478843
-8.74940648376641
-4.09587633467789
0.345736847240935
-2.27563282041507
2.34355011052493
4.52372984191192
4.69258765367415
4.31805622008587
3.18350886239577
2.49310450190589
1.54203334458889
0.246138307664937
-1.42742697272484
-0.725144164386647
-0.503280085868829
0.781927694058143
2.09492028025468
1.06466088296894
3.73523638787477
0.753286434741501
-0.471535645104003
-0.970397540800382
-1.20113660611092
-0.340072941127363
0.0295854103836278
2.88267968470487
-0.00581373760190139
-1.38685040704692
0.903053831269441
3.08371937535514
4.06324065660362
0.291969167678160
-0.576541602856240
0.478771569423869
1.85633061094508
1.84605695395189
1.19023881200868
0.282455086301621
-0.358296646540844
-0.887700665038234
-0.569803958942474
1.89528806173381
2.72820521669867
1.00903957731761
1.28872719500763
2.13804750061414
1.24300142524866
1.61074172508111
4.32524576508091
3.81014528858340
3.62295571681519
4.87072861505771
8.00926933530550
-0.126556856697249
-1.54989955555177
-4.49061034994041
-7.11698685115369
5.23571791329194
-3.69779586725764
-1.44196241400564
0.810380052501590
1.16578503918139
3.26915094891540
2.91187428065537
-0.0135739943272310
-1.53683946233250
-1.36596860943097
1.33359502534515
-0.499510556871937
-1.20811173879347
-2.03371514435881
-1.63618396839169
-2.30503765197707
-2.95241442955877
-2.01425055542676
-1.42017820444627
-1.53873705613708
-0.660604358759864
-1.34666692113207
-0.884740868025924
-2.80576891437130
-3.85450988081889
-2.17276547579508
-1.73473442540289
0.157746964386549
0.00586688986069799
-1.57276013454534
-0.721879134299420
-0.518160809287637
-0.245482665392936
0.792055299340999
1.32756068728257
1.80155718762798
0.976297432141450
0.769645761533168
-4.44487422322089
-1.55147245933141
2.18750204074249
-0.418733432509656
0.894674284345359
-0.213707184919395
1.92388442930817
-8.63897357553051
-3.01524418651360
0.623741353207247
-4.24664907312524
-6.05122196199232
-0.199133306833325
-2.34035518647004
1.18283388678435
3.01911052865925
2.21969897742312
2.55288620197908
3.21929962283441
2.15978141060980
2.27053208587986
-0.526027311427994
-0.444122626605911
-0.938074232513280
0.345953171294794
0.706177167302207
-0.582695678754002
-1.51092325742691
2.59042542468039
1.20421481152950
1.01772165919336
-0.192502314559208
0.213821096934309
1.86647832412502
2.47484683028547
1.42883935787166
1.24134690035230
1.35945903237936
-0.311441352639163
1.08182965224131
3.43600922145238
-0.134107597422586
-2.20766114149430
-2.28558796969464
-0.141058492703917
0.330121841955353
0.0402387281572064
0.787262816941626
-0.0518205455543177
2.18730194486413
2.10754515888152
-0.798720749173269
-4.40954665039578
-4.56839494810681
-2.14254279758601
-4.18629320140183
-7.06378164104905
-5.86113048470171
-3.66860199074635
-1.63211978462948
-2.79410993789581
-4.08827581184019
-2.19747771975037
-2.06564782241856
-0.946044259691601
-1.14010599574945
0.582639069016907
0.820074704601536
0.451060161695034
-0.784991435747393
1.19164828838647
-0.308074108978449
0.0372801331490964
0.0614587823943357
1.62036474716076
1.76553137408577
-0.261231492781473
2.03494095377892
3.29420235879085
3.38454252442470
3.95112943925160
1.41279882942792
2.08811337740167
-0.227784413008414
-0.382452757764689
2.02716891331454
1.53606240201635
2.46975965975554
3.62143573783230
0.846248176966989
1.59820916432785
-2.05889259467743
-5.60381421565366
0.219189031702693
3.42925111641988
0.726936348442256
-1.46771715447049
1.68027253251627
3.64182970314242
2.46752361151494
3.36023786868882
2.72259924739406
1.20133675285771
1.65804811389889
3.20719127912464
1.59522934235068
2.66610264761036
3.67540506334062
3.74572182180148
3.06254797548887
0.625088915960267
-1.60310085439535
0.223727704238652
0.739682347143232
2.18289328544560
1.97115852753290
1.45337817342206
3.40678634829822
5.13691344802790
2.12655977771688
1.04629024221629
-0.767454262880738
-0.803340186535884
4.87790943946066
0.594182473944478
-3.77533892032568
-4.37146723305010
-1.03173206315164
2.08983900341090
1.36852569044970
-1.10011076992863
-3.10583709211663
-0.954101187147972
1.44650396842010
1.19148142162616
0.556039975653289
-0.616742574193495
-2.62117634893146
-2.46694342744333
-1.01360492855063
0.286584564508654
2.22899282603273
-3.03289754318587
2.00829937967023
-4.04482057671469
-8.52934493058743
-0.0583482362712050
-6.94338930461851
-9.30395071153937
-7.01536934898816
-4.89430122119409
-4.61150759550455
-0.811057321818615
-1.74001095805830
-1.38741049132952
0.00341633329011551
0.424043351949612
4.11805095290277
4.53720449800937
4.02613754425890
2.90388842180717
3.04818070292087
2.09139446272408
2.02349154423493
1.86043193591081
1.44492063213830
2.74737569783028
-0.960230376916535
0.701198525755206
2.97064949971087
2.16354358420250
1.98995283181704
-0.615780011841533
1.59193124292778
1.59971039934441
1.91921324711803
-2.17472548599528
-1.17919427081698
-3.44728387512112
-5.02772382339318
-3.43167626978703
-5.83389853899432
-6.45772833961551
-5.81770078951755
-5.48073181131862
-3.85330293284355
-4.72898218110964
-5.24696694757557
-3.14540312700087
-2.58535272646833
-3.23337221524081
-2.93344482461959
-3.31553241515272
-1.60584124376060
-1.22763941434337
-2.33814572798988
-2.58207455764958
-3.17637105679134
-2.20256411072216
-2.62223876123962
-3.98511419458932
-1.91392713870210
-7.43972438279897
-4.11774483145439
-3.67179151937946
-7.68607981241569
-6.64371222721519
1.85752793392413
-3.87143718146159
-4.31017873152928
0.765462336515026
5.76882577181107
6.87063675921360
6.41970671372422
5.10387291976800
6.20589704814353
4.33341887862980
4.31107166927299
4.63308531968573
2.33426711057881
2.92620714642648
2.93959872077427
4.19055477165905
4.59458507793608
5.33239032767553
3.78430151076195
4.27833603552330
6.67595406634343
6.41844082462578
6.21983497913108
6.41420408436273
6.21446860367043
6.13960249967097
5.87156335100802
6.88064511570608
4.84524802574545
4.85610309347476
8.42211760634545
6.53634347316158
3.64484335771718
2.13236952372605
3.51394352073622
7.81582220717754
5.47761902068716
4.75011704929902
1.80282751409595
0.371872130628794
4.99118266304938
2.02243070838180
-8.37409261445909
-0.786553548579333
-5.11436959915087
-7.33056441857573
0.107381144844944
0.162144551305822
-1.39320751176408
0.495141468961701
1.99365060816483
1.58311058035532
1.91732394180550
0.833655831060048
0.690769470628997
-1.25521961503655
-1.25021686256574
-4.39052745231723
-3.90372734533030
-5.90294883007013
-4.36891057980328
-4.42376678986674
-3.54481155879235
-0.309413640062406
-0.813059808264293
-2.53687372189845
-2.90163809907088
-3.75843098644716
-2.61259087353747
-2.79855174735814
-0.156799055085836
-3.11221078502290
-2.00642403232463
-0.266649647823438
-0.263650255987115
-1.90842157567633
-1.44507124756269
-0.957644564164143
-2.74167832230220
-3.19271338589093
-0.432132013747498
-0.554763761697606
-0.947476407063380
-0.956423611213132
-3.23097234125066
-3.24385844980271
-2.71421184780302
-2.00287353220306
-0.853412780865516
2.41912534013218
0.627641006943540
-0.664638494593745
1.30758608153065
1.88851018614127
1.70815452431516
0.128703614508865
-0.140678703871860
-17.6937330764733
-14.7867466212041
-7.80568182501246
-7.04478029945702
-2.06501148902519
-4.70402806016665
-5.32889682338343
-2.31454563591240
3.56120027762576
5.38501915454311
5.13001353568339
1.76554287648090
-2.03601048633878
-0.285296916211490
1.91418869829318
-1.29458521429868
-1.97409566342131
-4.07329346430092
-3.43817600357313
-0.685972909725499
-0.813054935339950
-1.49873420292294
-0.0493659806425762
1.11540657270175
1.85733212949952
2.31034689439145
0.395511192222580
-1.26408608989952
1.00540871141345
1.30330046323691
-0.154880385928532
0.411033782304159
0.389015239939581
-0.388319389998194
2.90383460155798
5.91348180379460
3.43080456591258
1.60294906200867
2.69493072241784
3.33779452975609
3.74926711473316
2.94085649171266
1.94283348722670
1.70942851203573
0.328760709688181
0.925661060293575
0.628369491977974
1.90894045808745
2.59399908312473
0.601122776424636
-0.615154147771338
-0.723868110126891
2.73124354469182
0.495990944185821
2.21207394417414
-5.67660898754375
-3.50738518865790
3.80611798300519
5.41356947212764
3.29866855527337
1.45251689051206
3.17060471541225
5.04682260321404
5.90546022912275
3.90848532557566
3.33425878884144
3.91239801050522
2.82695760181358
2.55981261055585
0.722475319026900
0.946959658755089
1.74319723583983
-2.06711263176537
-1.29765559280737
-0.892712754738872
0.0456583169023038
0.281205536082480
0.912553059216707
1.68424817329498
1.14839348130891
0.314339494691146
0.496656492904087
2.96168465310151
3.48081898141864
4.44559087653067
-0.243080495705978
0.169480448959611
0.797024467685256
1.30786510995535
1.29294551851920
0.368290525618928
-1.20440402823491
-1.55323520329274
-0.0420133105089597
0.657005027222359
1.03725239132352
-0.938452896854269
2.25246091536808
2.95855217760923
1.00916197692483
0.806320801104003
0.322763606748648
1.39867349405191
0.648844532729069
-1.17110476564067
-2.87359629186736
-2.50338562840728
-2.84652836806385
-3.54505540918184
-4.78151091061664
-3.35637229853425
-3.47198308803994
-1.57606632991147
-1.89836043900962
-3.94320474159918
-4.73100467293406
-1.99559311561895
-2.67655993257345
-1.56333490634311
0.732355107184100
-1.61468593098688
-4.76763188146062
-0.683217581356081
-1.43284860305431
-3.05842126148968
-6.95788189259496
-6.81783232879069
-8.67178119186686
-8.73044192081675
0.183777102694159
-1.89034427006145
-2.44974838015062
-5.19200071945037
-3.66076910534428
-2.56812439962875
0.742080414844711
-0.356476750803291
0.369326632475011
-0.317782016194372
0.289278145312317
0.806942291626438
2.02129212786128
0.876122169643153
1.38785858621433
5.01111929920156
3.41325304585130
2.88809329431267
1.27894383057195
3.31372769803041
2.84053778891681
1.26422855323893
1.72806680506633
3.60645419956414
3.60221563752416
2.18706075328841
1.43163262675365
0.878161222047451
3.13589352604530
3.14666405089916
0.747932927848857
2.28879649891124
0.554250070214475
-0.0918017099454174
0.172317355048388
2.17746816126873
3.96087404956394
3.56687570876316
2.98717089607978
1.15518149407518
1.45983569494591
0.737898812085560
-0.503903359258198
-2.66801586569644
-2.59278734479791
-5.46390080260753
-1.49184901974109
-3.27072616330555
-7.57279483704651
-8.51860615740424
-2.87037707529726
-1.59773276483548
-2.48686735842146
-1.01210179914963
-1.65612146754552
-4.75705585074863
0.765751228059827
2.65734846243932
3.17392790372906
3.04302321936484
3.47259212391519
1.40906534629918
3.49521754368909
2.50888300667136
2.06899912316350
4.77077287257086
2.19604383585555
1.97389067230145
1.34426042932677
-1.04134930580457
2.02524565072693
1.40762319417332
0.825594232983179
1.18168077293427
2.48922212838937
3.02309988029484
0.460295826331025
-2.13561686217310
0.326349445549454
1.64169814010618
1.91213533464616
-0.788635566253406
-2.62259571651447
-0.650659297628822
-0.644743767607789
-0.976258567345719
-1.40547807888349
-4.16297238803727
-2.71721564404809
-1.50553565045281
-1.03810333408417
-1.95762513891790
-3.93912451088258
-2.00126552806628
-3.59590458918016
-1.57205791248300
1.03005228371784
0.136677856872376
-0.163914353784780
-2.12972252376513
-3.56378182147951
-2.08735184205749
-1.10227582877238
-0.268972100867794
1.15700937620700
3.35429380012957
3.27527943542169
4.48319466088557
4.75014028765093
3.12830294954860
1.14528559738503
-1.11278426654064
-0.850067849105534
-1.10137848020427
-1.90419932903339
-4.08371218569248
-5.89723190757410
3.05472166508311
0.790143021966992
1.68703945088946
1.58693109493621
-0.136993627139526
-0.552090165325931
4.21683702066637
5.18872976423420
2.10421409289228
1.85652713233073
5.65160521360566
4.59353748387979
1.28750279006204
2.83498079719488
1.59173766197611
1.82968650236758
-0.207877945650729
-0.299049333928925
1.24695312901440
-0.515320788566639
0.346719117977490
0.0993918150650660
-0.794991175343769
1.06727857846735
2.32350246424600
2.68691571764415
0.937998695307685
1.06860270226990
1.91352214815739
0.107210547812126
-0.445277088022119
-0.0883803159212249
-0.278413331183650
1.05744314972364
-0.225114854111905
-5.29565930750539
-4.12257639195527
-0.152254227602252
-0.0605696642767778
-1.50758426943552
0.0459181996572203
-0.992123558253985
-0.624427538344651
-1.43495471252789
-3.78160929664744
-2.63437596992546
-1.34354294581224
-0.681703588668401
-3.03305033426525
-8.08732755779714
-2.23972669683256
-1.42821627726693
-5.15066704848961
-8.13807849522557
-1.82211798810023
-0.0420541664712645
-0.363365095432740
0.583467464937436
1.49434055574154
2.69494997876286
2.91591023997945
3.29474651477269
2.03563347897507
0.304234247729300
-0.958375114177386
-1.70984174493574
-1.60511449245850
-3.92586123599287
-2.59392999961766
-2.65232426597275
-2.63302184129760
-1.53479872534553
-1.70717851854019
-0.0456323691813152
-0.772498520375187
0.163985839111431
-0.850291459891840
-1.20692081014332
0.361871174764817
-0.489094613855046
0.719751009996405
0.592142322982464
2.24008817566031
2.21330181072684
3.34097216446956
2.12653963441894
4.28183755991562
4.24758163256415
2.72258585222090
4.82165633693021
2.24842630119381
4.67076798839460
-1.04672236407531
-0.300412786582010
-7.16480030061598
-4.26051122214317
-1.11975747526821
-2.91745779270235
-0.997259276955232
0.110150615533143
-2.90071464472926
-0.483701754408188
2.07959712765332
1.68459961312741
2.57104863383008
2.60173399787914
2.61410941626388
0.742962586265567
1.56924942674187
-0.339766472700569
-0.189983047125737
-0.931972777116920
-1.49772405438822
-1.36566538862246
-2.08828691054844
-0.442418421520424
-0.604292470173418
-0.270081599096896
0.874134582071096
1.72260459727119
-1.92399102336830
0.0991049159482411
1.77853817229442
0.0934637652217828
1.84938332611592
1.26640109479432
0.704874020857058
0.579404765861538
1.87325238260827
2.72208366468537
1.22835381875193
1.50866331527289
3.07825249400990
3.36550583300900
4.69725579476075
4.56011700462864
3.05832576142340
1.06210710823568
1.95447219286487
1.87895571617892
1.51430053516256
1.16417764199300
1.66669408421445
1.83308756946411
0.653008089083288
1.04968902339380
-4.54247214518375
-6.23245749312595
-1.01065538838100
-2.92333160353333
-4.19546186701731
-3.29504031547062
-2.42131012277215
-1.66255388040929
-1.04542664546199
0.734284724159387
2.97676248875517
3.73174037914219
3.50176495069920
0.691029319592762
-0.246256115415632
-0.0977444026755867
-0.360887904462538
-2.88597956779054
-1.34475649969097
-0.442882495715056
2.19781750343819
0.176769766333556
-0.703223698700766
-1.49893570183554
0.572382468953556
-0.174116940311807
1.37417792845924
1.33238600548629
-0.0987174832743190
-2.12696569189161
-2.56931525687028
-1.52857296697693
-2.04052021423396
-3.26657272617597
-1.11703874551837
-2.45793779708526
-2.24373137404286
-1.67774478947678
-4.10264608259577
-3.32777141280416
-1.04348257577918
-2.29369516135200
-2.94610081960072
-2.13290472506746
-1.61743704437143
-1.35819776986953
-2.69821801722046
-3.56271552274119
-3.30890601197731
-2.99397776538914
-5.11491691977325
0.299772807380846
-4.56990043536349
-12.2139337111185
-3.20652184664940
0.278634071924651
0.763279222320314
-3.25922353338751
-0.773441547774988
1.48484934445877
2.77865108380540
0.364493206757170
3.80250009000021
6.25371891177631
4.92578791574264
5.54418959514602
3.98474062173919
3.08404747058549
6.00741139235439
-0.627119678558413
-1.59648517322925
1.52077921722599
-0.439801466428310
1.12912337232069
-1.95557639429805
-0.985721935931529
2.24349370555994
3.60761224704617
6.50180760684953
6.00845000322801
3.72481767218679
2.35871645116179
7.47998000789796
8.43847785555633
4.07729956556827
3.37496116164117
4.80647829246887
2.64350357789812
1.68291671100938
0.658519530631807
2.57069995219337
4.30513191669659
4.81362126583555
3.59579330714337
0.708523636129763
1.04055134567863
0.903718350969516
-1.35479973554251
-0.800023198520891
-1.12942772131729
-4.65272297152079
-16.9451825169300
-6.25546525967823
-8.02606506176604
-6.19009780106370
-6.13456428811284
-5.39613994307040
-5.26136580011556
1.66888608949592
8.32815435575368
10.4478402757219
7.36245618837525
4.66821433066760
4.48790151135465
2.22810523902306
-1.68199058474161
-4.63200644228983
-4.02560216156092
-4.85267111683044
-3.82490676712221
-3.30170643965706
-2.37810128924185
0.0736200670183403
0.925259607801303
1.81988849143361
0.0278329810424303
0.438730559813922
-1.18893508317761
-1.18524661932485
-1.41669818322120
1.90504850739732
0.737967144587702
-3.38399223991602
-1.26792915651603
-0.651036810846371
0.751552631903630
1.84179876568411
0.117875804249857
-1.60721786627664
-4.32706665427592
-2.26492678770093
-1.28033188508889
0.479292280462091
0.394815102695841
0.625818389311694
2.97152936698400
1.26834181837606
-0.0836276089112478
0.0571404181762776
1.00833023646544
-2.79298953630741
-1.82268616139126
1.86654110410695
-1.43016997182361
-10.3943679148581
-8.99414297950864
-2.45026072708672
-1.37422586448029
0.327235886051738
-0.418483668716008
2.89074242230261
3.31219442317126
3.79428644220908
1.19201215349926
0.401497689560977
1.70536402788863
2.87505629655671
1.73241606850854
1.30586611232635
1.91933172928072
0.263705017618434
-0.230876937283042
0.369387121660358
2.34054669861512
2.40387671068681
1.25534339213359
1.90520210587487
0.810899133787659
0.338342620577303
-0.444661291937315
-0.999881773185338
0.511677877619456
0.0736825304697753
-0.102338684114077
2.06760138815112
0.896054813730074
2.45247113574769
2.82844795254229
1.29933898676460
-2.37438192470746
0.691782680394427
1.04324731954298
-1.32866687350596
-3.65682219096534
-3.06982603623625
0.979787390133540
-9.31245569781257
-4.51805693271960
-2.95650021770636
-5.76970244567147
-6.66700957236362
-0.249103426028825
-4.73956784215712
-2.67918738437671
0.296618960346617
2.35162944849792
3.63374476706338
5.16862023739868
4.40287988506631
5.29184660586114
2.15737658332902
3.20413462629793
1.20522893291043
0.226157540063521
-0.435229778118527
-0.590545889333951
0.331237461967261
-2.02167086423680
-1.55381985442129
1.23885978416735
1.91236427326380
1.52628895539416
1.05819281808473
0.00591596749042700
1.28347365680300
2.73146139683817
1.66913803335891
1.65933767032758
1.09148386588448
4.15552064500981
2.19372484404543
-4.42599256424012
-5.23736253613531
1.74295665540026
-1.76850483311263
-5.28887098842343
-0.640767206220079
-0.332228541641268
-0.206198370319354
4.82731529068344
1.65245417125015
0.961456073422666
2.46560510015916
3.47666688369321
-0.0155797330065157
-2.43718819062905
-3.38598836541177
-1.34269342420562
-1.99919612316955
-2.69573129965918
-2.16110201015327
-2.39367884181489
-0.888288176714298
-2.29244710010650
1.06625870587676
1.18013444252128
0.414302488324843
2.97240701222443
1.23159320982762
0.421354523051909
1.04522649082682
1.76697148513254
2.71030836853198
4.26842128573633
0.633140542988588
0.363028378676167
-0.349725064191006
2.65766572883592
1.00194031706252
-0.259530258066540
1.18759746398387
3.18319310644108
2.50312131303424
2.58541756838846
1.30300841026975
1.53748960262577
2.11994152357526
1.41791688114232
2.42741454382407
1.83671876770810
-0.362195380602148
-0.232533692922686
-3.09295149791443
-4.58225154996257
-5.61426708843767
-4.08425039166183
-4.26681143890795
0.908514903064903
-6.89412790210659
-10.7186626036071
1.18950062101600
-1.83543880398997
-1.84413813630524
-0.500933343137862
-0.978789364274647
1.63654586017003
1.25922175684310
2.33383542872549
3.09502064655513
1.48773476990097
1.89120529464817
3.77248741309202
4.35978959756658
3.24729407691256
1.97386073107623
1.80984436239951
2.63069851007880
3.17600782402072
-0.0119069580212908
0.982323699730598
0.295224444415258
-1.42087910864904
1.26624453610769
-0.548358322789891
-0.446680933088352
-4.10996665850259
-1.91800610842469
-0.874966178537447
0.297075783735270
0.241073667375392
0.315010618871927
0.718488356765461
-1.56158034444890
-0.142065858339639
-2.05719100336605
-1.23000922118376
-2.57261384383776
-0.392814717638149
0.329579552031664
-0.240120495126516
-0.905767470710158
-2.06035162481950
-1.91638005961304
-2.15443976261673
-4.15466260125327
-6.47767106632035
-4.66068170394142
-3.58066689014079
-4.63797905459327
-5.53039877787870
-13.3534196112436
-5.42087160308828
-5.78106538806768
-2.59561128042208
-2.31060241340215
-2.63279688181660
-2.68253086363726
-1.95897506755186
0.918895847829665
2.91228271597760
1.69499341344751
1.66370206884561
