   1.5439870e+00
   1.1452580e+00
   1.1993220e+00
   1.2443810e+00
   1.3716560e+00
   1.3727020e+00
   1.3965690e+00
   1.2283010e+00
   1.0237820e+00
   1.1270960e+00
   9.5281400e-01
   8.6189700e-01
   6.9178800e-01
   6.6936500e-01
   6.7964000e-01
   6.7958100e-01
   6.7029400e-01
   7.4431100e-01
   1.0764570e+00
   1.1498000e+00
   1.0921090e+00
   9.2034600e-01
   1.0362300e+00
   1.1550930e+00
   1.1551630e+00
   1.0682930e+00
   1.1875260e+00
   1.1773510e+00
   1.2834360e+00
   1.5622680e+00
   1.3655190e+00
   1.2042580e+00
   1.3174350e+00
   1.1772950e+00
   1.3775240e+00
   1.5017040e+00
   1.0027690e+00
   1.2270560e+00
   1.2490230e+00
   9.0238200e-01
   8.5979200e-01
   8.7646100e-01
   8.1840600e-01
   9.0647800e-01
   8.9019200e-01
   7.8572200e-01
   8.4709800e-01
   7.9359500e-01
   1.6989520e+00
  -2.0810780e+00
  -5.6386000e+00
  -5.6756670e+00
  -6.2522000e+00
  -5.7732350e+00
  -5.2890570e+00
  -4.1601590e+00
  -3.3035530e+00
  -2.2953960e+00
  -1.1647740e+00
  -2.5924700e-01
   6.7512600e-01
   1.4071220e+00
   1.6465330e+00
   1.5243590e+00
   1.4945230e+00
   1.3519960e+00
   1.2228220e+00
   1.2125880e+00
   1.1588140e+00
   1.2205730e+00
   1.4944390e+00
   1.7224730e+00
   1.9507290e+00
   2.5102670e+00
   2.8957110e+00
   2.8050630e+00
   2.3451240e+00
   2.0312810e+00
   1.6323530e+00
   9.9180100e-01
   1.0445230e+00
   9.5445400e-01
   7.6200300e-01
  -2.8746000e-02
  -1.4903910e+00
  -1.6145570e+00
  -7.7409200e-01
   4.3490400e-01
   7.9908400e-01
   4.4488100e-01
   9.1462000e-02
  -5.6904800e-01
  -1.3830670e+00
  -1.9291060e+00
  -2.2008310e+00
  -2.3794360e+00
  -1.7444830e+00
  -1.2613800e+00
  -1.3040680e+00
  -1.0440730e+00
  -8.6040000e-01
  -7.8134000e-01
  -4.4141600e-01
  -1.8073800e-01
   6.2347000e-02
   3.5906500e-01
   4.4645000e-01
   4.2018000e-01
   5.6069600e-01
   8.7727700e-01
   1.0613690e+00
   1.3224160e+00
   1.7803690e+00
   1.6878300e+00
   1.2079450e+00
   8.5672000e-01
   6.4641200e-01
   6.1735800e-01
   7.5532900e-01
   5.8651400e-01
   3.6488300e-01
  -6.7028000e-02
  -2.9948300e-01
   1.5403200e-01
   4.6457900e-01
   4.3207500e-01
   2.8178300e-01
  -1.2306900e-01
  -2.9176100e-01
   6.8559000e-02
   2.4340400e-01
   2.5974400e-01
   3.0560700e-01
   9.0358000e-02
   1.6242700e-01
   1.9109800e-01
   3.2922300e-01
   3.6486100e-01
   6.0967000e-02
  -1.2026800e-01
  -8.2410000e-02
   1.7210700e-01
   1.8888000e-01
   1.4759700e-01
  -3.6909600e-01
  -5.0672200e-01
  -3.1593600e-01
  -3.3935300e-01
  -2.0913900e-01
   1.5282600e-01
   4.1276500e-01
   2.1404000e-01
   2.1220600e-01
   2.3569000e-01
   9.1209000e-02
   3.5848600e-01
   2.3675900e-01
   7.7880000e-02
   6.2796000e-02
  -1.2341400e-01
   2.7185300e-01
   6.5315500e-01
   8.8336100e-01
   1.0940860e+00
   1.0089600e+00
   8.4224600e-01
   5.1595900e-01
   1.7518000e-01
  -2.6878000e-02
   6.1667600e-01
   5.4322400e-01
  -4.9874500e-01
  -5.1401200e-01
  -6.8483000e-02
   4.6878400e-01
   2.8979600e-01
  -1.6887100e-01
  -4.5161000e-02
   3.4785000e-01
   8.0168800e-01
   6.6706700e-01
   1.7063900e-01
  -3.6375300e-01
  -6.0127200e-01
  -2.7131700e-01
   1.3447600e-01
   7.8913000e-01
   1.2008720e+00
   8.4527500e-01
   1.5080700e-01
  -2.3764200e-01
  -3.9315300e-01
  -2.6940600e-01
  -3.4434700e-01
  -3.5094800e-01
  -3.5686900e-01
  -5.7082800e-01
  -8.8531000e-01
  -1.3632420e+00
  -3.7705500e-01
   6.3228100e-01
   1.1447390e+00
   1.9795500e-01
  -4.9459000e-02
   4.2270300e-01
  -2.8717000e-02
  -9.2657700e-01
  -1.0500460e+00
   2.5486200e-01
  -5.1163100e-01
  -1.4470960e+00
   4.4658600e-01
   1.2820340e+00
   6.1636700e-01
   1.4306400e-01
  -3.4709100e-01
  -2.0385100e+00
  -3.0907970e+00
  -3.9238430e+00
  -5.2611550e+00
  -5.3303000e+00
  -5.3638030e+00
  -5.1152430e+00
  -3.9473880e+00
  -2.9268730e+00
  -2.2720200e+00
  -1.3772990e+00
  -7.5154900e-01
  -1.2199400e-01
   8.1156000e-02
   4.9917400e-01
   8.6541500e-01
   1.0622540e+00
   1.4042160e+00
   1.5668480e+00
   1.9156760e+00
   2.3955140e+00
   1.9371810e+00
   1.1175120e+00
   6.2510000e-01
  -1.0850300e-01
  -1.3245800e+00
  -2.5785900e+00
  -3.2366070e+00
  -3.2097310e+00
  -2.9508350e+00
  -2.4551740e+00
  -2.1273080e+00
  -1.7762350e+00
  -1.4119210e+00
  -1.0047880e+00
  -6.6416000e-01
  -4.6428100e-01
  -2.9416400e-01
  -3.6968900e-01
  -2.3532700e-01
   3.0118300e-01
   5.7305400e-01
   4.7628000e-01
   1.4480600e-01
   2.4165500e-01
   4.2117900e-01
   2.9183800e-01
   2.5359300e-01
   2.5962200e-01
   2.2522100e-01
   4.1107100e-01
   3.5398400e-01
   4.1280200e-01
   5.6297400e-01
   2.4156700e-01
   2.6983100e-01
   9.0004600e-01
   1.4268320e+00
   1.7261970e+00
   1.6765560e+00
   1.1938350e+00
   6.9450900e-01
   3.1563900e-01
   1.9042700e-01
   6.4995800e-01
   7.5682000e-01
   3.8660800e-01
   2.8826100e-01
   2.2753200e-01
   4.0791000e-02
  -5.0310600e-01
  -1.0223940e+00
  -8.1957600e-01
  -8.2494400e-01
  -3.6480300e-01
  -3.3442700e-01
  -9.4599000e-01
  -1.0516720e+00
  -1.0266830e+00
  -8.2179900e-01
  -1.0076790e+00
  -9.2822400e-01
  -7.4538600e-01
  -7.7164000e-01
  -6.8017900e-01
  -4.4903000e-01
  -1.4097600e-01
   3.0486800e-01
   7.5744600e-01
   1.1509110e+00
   1.0266290e+00
   7.6634400e-01
   6.4055400e-01
   2.9653100e-01
  -5.2932000e-02
  -2.6994800e-01
  -4.6864400e-01
  -5.3261900e-01
  -3.8403300e-01
  -2.3244000e-01
  -4.9681900e-01
  -5.2286900e-01
  -4.4687300e-01
  -2.2045800e-01
  -3.6416000e-02
   2.0265800e-01
   3.4901200e-01
   2.8104900e-01
   3.2513900e-01
   5.6461700e-01
   6.9323500e-01
   5.3422900e-01
   5.3969500e-01
   3.6249700e-01
   1.1713700e-01
   3.6527000e-01
   3.4401200e-01
   1.9593200e-01
   1.0126200e-01
   3.7706000e-02
   2.2186400e-01
   2.3624000e-01
   3.6702000e-02
  -1.2533200e-01
   2.4830000e-02
  -3.7089000e-02
  -3.0190400e-01
  -2.8513900e-01
  -3.4669400e-01
  -3.0865600e-01
   5.0455000e-02
   8.9900000e-03
   1.3509500e-01
   2.1236500e-01
   1.2705000e-01
   3.6579000e-02
  -9.4845000e-02
   3.6595300e-01
   4.0624800e-01
   1.9629900e-01
   1.7378600e-01
   1.4022600e-01
   2.8516600e-01
   1.6770200e-01
   1.8966800e-01
   1.1133600e-01
  -8.6607000e-02
  -3.7601000e-01
  -3.8295900e-01
  -1.4001400e-01
  -3.7180000e-03
   2.7511700e-01
   5.8711500e-01
   8.2338800e-01
   1.1327190e+00
   1.4098340e+00
   1.5373180e+00
   1.4765300e+00
   9.1329600e-01
   7.4133600e-01
   8.2213800e-01
   1.7187200e-01
  -8.1475000e-02
  -3.4572300e-01
  -8.7776700e-01
  -8.9792100e-01
  -7.4374700e-01
  -7.8060000e-01
  -8.9222900e-01
  -6.1863500e-01
  -2.8072800e-01
   3.0597400e-01
   4.0564600e-01
  -1.5132500e-01
  -4.7117300e-01
  -9.0815000e-01
  -1.0113110e+00
  -9.5667700e-01
  -1.0813640e+00
  -1.2083920e+00
  -1.1848320e+00
  -9.6379200e-01
  -6.1465700e-01
  -1.5457000e-01
   1.0160900e-01
   1.0337900e-01
   6.4638000e-02
   1.5187400e-01
   1.4587000e-02
  -2.3469000e-02
  -8.1821000e-02
  -2.3190500e-01
  -2.6273000e-01
  -3.6842000e-02
  -6.3157000e-02
  -3.3363000e-02
   5.3131100e-01
   6.1880100e-01
   1.0767480e+00
   1.4183050e+00
   1.5200550e+00
   1.4715770e+00
   6.5169700e-01
   6.4437200e-01
   1.8127900e+00
   2.4268620e+00
   2.7520390e+00
   3.3407570e+00
   2.1671440e+00
   1.0034190e+00
   2.2872000e-01
  -4.0344400e-01
  -8.5332300e-01
  -9.3477700e-01
  -1.7679790e+00
  -3.0047000e+00
  -3.7429790e+00
  -4.5105100e+00
  -4.6576490e+00
  -4.9706200e+00
  -4.9798630e+00
  -4.6358400e+00
  -3.7158010e+00
  -2.6770250e+00
  -1.7244370e+00
  -8.5959600e-01
  -1.5051900e-01
   4.2337400e-01
   7.4812400e-01
   9.6799800e-01
   1.1350890e+00
   1.0130130e+00
   8.6134400e-01
   1.0487970e+00
   1.0772060e+00
   9.8678500e-01
   8.0996900e-01
   6.3796500e-01
   4.3993900e-01
   3.2438300e-01
   1.5940500e-01
   7.7883000e-02
   1.3486400e-01
   1.5688500e-01
   1.4622900e-01
   2.6596200e-01
   2.6997000e-01
   5.6278000e-02
   1.4105300e-01
   4.6944100e-01
   5.4876300e-01
   4.5191600e-01
   4.2005200e-01
   3.1494700e-01
   1.2734200e-01
   2.0762000e-02
   1.2573900e-01
  -1.2063200e-01
  -2.4694200e-01
  -9.1423000e-02
   3.5634000e-02
  -1.3260500e-01
  -4.1412500e-01
  -3.4794500e-01
  -1.4603400e-01
   1.0903800e-01
   2.5682800e-01
   1.9815800e-01
   1.5231800e-01
   1.8780300e-01
   5.1240000e-02
   1.0653700e-01
   3.0910800e-01
   3.7488400e-01
   4.3885200e-01
   5.0321900e-01
   5.9931300e-01
   8.3106300e-01
   7.4895000e-01
   7.1287200e-01
   5.4824600e-01
   3.4971800e-01
   6.7137000e-02
  -8.1643700e-01
  -8.9249400e-01
  -8.7491200e-01
  -7.0475600e-01
  -8.0695000e-02
   1.9677200e-01
   3.5560400e-01
   3.9030900e-01
   9.0135000e-02
  -1.5230600e-01
  -3.6556100e-01
  -5.1745600e-01
  -8.6456700e-01
  -7.8382200e-01
  -4.5512100e-01
  -2.4141200e-01
   1.0296600e-01
  -2.7115000e-02
   2.9539200e-01
   6.4797200e-01
   5.7260900e-01
   4.5723600e-01
   6.6069200e-01
   1.0240550e+00
   1.4553970e+00
   1.7514120e+00
   1.8052500e+00
   1.6665690e+00
   1.1627710e+00
   1.3315020e+00
   1.1673580e+00
   7.9377700e-01
   2.0197200e+00
   3.8758300e+00
   3.3235300e+00
   1.8672900e+00
   9.6265200e-01
   1.2570500e-01
  -3.9903100e-01
  -7.6252600e-01
  -9.4434900e-01
  -1.0021390e+00
  -9.6622200e-01
  -8.6842400e-01
  -7.2980800e-01
  -5.8969600e-01
  -4.2350800e-01
  -3.1494400e-01
  -1.3895800e-01
  -1.0234900e-01
   4.6785000e-02
  -1.4182000e-02
  -3.5263670e+00
  -7.3898360e+00
  -8.6918320e+00
  -8.4100730e+00
  -7.0809710e+00
  -5.4661780e+00
  -3.2999800e+00
  -1.1163600e+00
   4.5053400e-01
   1.5376870e+00
   2.1853980e+00
   2.4817220e+00
   2.5104750e+00
   2.3493220e+00
   2.0698320e+00
   1.7226520e+00
   1.3566230e+00
   9.9910800e-01
   6.8044800e-01
   4.1113500e-01
   2.0261800e-01
   1.6202700e-01
   3.7520800e-01
   4.7761900e-01
   2.5659900e-01
   2.8405500e-01
   2.9419700e-01
   2.0588900e-01
   2.3400300e-01
   1.4723900e-01
   2.6908300e-01
   4.2292200e-01
   4.2424500e-01
   3.8010800e-01
   3.3106600e-01
   3.9696600e-01
   5.4719800e-01
   5.6828400e-01
   6.0743800e-01
   5.4031400e-01
   5.3784000e-01
   4.6246300e-01
   4.0021700e-01
   3.2282200e-01
   1.5965000e-01
   2.9373400e-01
   3.6579700e-01
   6.2883300e-01
   7.3207800e-01
   7.1871400e-01
   9.6371900e-01
   9.5386600e-01
   1.0236190e+00
   6.8733200e-01
   6.7057300e-01
   8.6869800e-01
   6.5859400e-01
   5.6221800e-01
   4.5401500e-01
   2.4603000e-01
   2.8846700e-01
   4.2077700e-01
   1.7747500e-01
  -3.0138800e-01
  -6.7571500e-01
  -7.4397400e-01
  -7.6006200e-01
  -4.8007700e-01
  -5.6406500e-01
  -8.6738300e-01
  -9.3628600e-01
  -1.3450840e+00
  -1.2248720e+00
  -1.0452990e+00
  -1.1783900e+00
  -1.1727340e+00
  -9.1562200e-01
  -8.0663200e-01
  -6.1998500e-01
  -4.5126600e-01
  -1.5372200e-01
   2.2073200e-01
   7.0638300e-01
   8.3175600e-01
   6.3560900e-01
   4.9251800e-01
   2.8885400e-01
   5.3271500e-01
   6.6044900e-01
   4.1454900e-01
   5.7084300e-01
   5.8927100e-01
   3.2509200e-01
   5.8205700e-01
   4.7006500e-01
   3.0784800e-01
   1.4348700e-01
   7.1726000e-02
   1.4091600e-01
  -1.7652700e-01
  -1.5844400e-01
   1.0466200e-01
  -1.9652600e-01
  -2.2289400e-01
  -1.3665000e-02
  -3.1002500e-01
  -3.3430200e-01
  -1.1974000e-01
  -7.5013000e-02
   4.0530600e-01
   5.9125100e-01
   3.8376500e-01
   3.5889500e-01
   5.5132300e-01
   4.3543300e-01
   2.0607700e-01
   3.7016000e-02
  -1.6328700e-01
  -4.0414700e-01
  -5.4542700e-01
  -4.9660400e-01
  -3.8768600e-01
  -1.9257200e-01
  -1.4448300e-01
  -1.6976500e-01
  -1.9650700e-01
  -2.4444900e-01
  -1.5118900e-01
  -2.0481000e-01
  -1.3870500e-01
   7.4617000e-02
  -2.5418000e-02
  -1.0268400e-01
  -4.6776000e-02
   5.0792000e-02
   2.1729400e-01
   1.1198800e-01
   2.1238000e-02
  -4.1760000e-02
  -1.3705200e-01
  -1.4213000e-01
  -1.1213000e-02
   6.1047000e-02
   8.5698000e-02
   3.2601200e-01
   3.6873100e-01
   3.5970700e-01
   3.1381100e-01
   2.7002000e-01
   2.8089600e-01
   1.5019600e-01
   1.0300900e-01
   5.8659000e-02
  -2.2884800e-01
  -1.9464800e-01
  -2.4910800e-01
  -3.0035600e-01
  -2.4298500e-01
  -3.8018300e-01
  -3.9417300e-01
  -5.3819900e-01
  -7.0600700e-01
  -6.1767300e-01
  -5.8006300e-01
  -1.7023600e-01
   3.4859300e-01
   4.4991900e-01
   5.2348300e-01
   4.1505400e-01
   1.2082400e-01
   1.1909900e-01
   1.1405000e-02
  -1.8167400e-01
  -2.2624000e-01
  -2.6379700e-01
  -1.2981700e-01
  -9.1739000e-02
  -1.3361700e-01
  -2.3215300e-01
  -3.3021500e-01
  -3.3400400e-01
  -3.1343500e-01
  -2.2535800e-01
  -2.6447000e-01
  -1.3337700e-01
   1.7421000e-02
   2.4858400e-01
   4.6789400e-01
   4.1888100e-01
   1.1009960e+00
   1.5091450e+00
   9.8573400e-01
   4.0931700e-01
   1.8781900e-01
   3.9982500e-01
   3.9950500e-01
   1.6773300e-01
  -1.7079700e-01
  -4.1073200e-01
  -7.6631800e-01
  -1.0736350e+00
  -1.0214210e+00
  -8.3826100e-01
  -7.7463800e-01
  -6.6980400e-01
  -4.9970500e-01
  -5.0028900e-01
  -3.5252900e-01
  -3.2110800e-01
  -1.6695600e-01
  -3.6771000e-02
   1.4326800e-01
   4.1059300e-01
   3.3956800e-01
   2.9932300e-01
   1.8932700e-01
  -3.1057000e-02
   1.5358500e-01
   9.7896000e-02
  -9.0481000e-02
   6.5260000e-02
  -1.9912000e-01
  -3.1405900e-01
  -1.3621300e-01
  -1.4277900e-01
  -9.7387000e-02
   1.9984900e-01
   2.3820400e-01
   2.0860200e-01
   2.5838500e-01
   3.9845000e-01
   8.8792500e-01
   1.3121540e+00
   1.6038070e+00
   1.4989100e+00
   1.2513360e+00
   7.7921500e-01
   1.8058400e-01
   7.9859000e-02
   9.4460000e-03
   1.8656400e-01
   2.0086800e-01
  -4.5740000e-02
  -8.3964600e-01
  -2.0406510e+00
  -8.0003300e-01
   3.7724200e-01
  -3.9069800e-01
   2.8686900e-01
   1.1941160e+00
   1.5051090e+00
   1.8538880e+00
   2.7274990e+00
   3.4210860e+00
   3.4565470e+00
   2.2568890e+00
   1.1545710e+00
   4.8215800e-01
  -2.1340800e-01
  -5.9632200e-01
  -8.7736900e-01
  -9.7648100e-01
  -9.9896300e-01
  -9.3755800e-01
  -8.4949300e-01
  -1.9435760e+00
  -3.7210550e+00
  -4.0543480e+00
  -3.9611250e+00
  -3.6617580e+00
  -2.3341020e+00
  -1.7105550e+00
   5.7512000e-02
   1.0497460e+00
   1.6859290e+00
   2.0862700e+00
   1.7120550e+00
   8.7255400e-01
   4.9859000e-01
  -8.9854500e-01
  -1.3332990e+00
  -8.8341300e-01
  -6.1563000e-01
  -8.0130300e-01
  -1.1954250e+00
  -5.4095700e-01
  -2.7784700e-01
   2.0357900e-01
  -4.7162200e-01
  -1.2027990e+00
  -1.0078700e+00
  -3.4790900e-01
   2.0980300e-01
  -2.1290000e-02
  -4.4760300e-01
  -9.4781000e-01
  -1.4278870e+00
  -1.5582030e+00
  -1.5827660e+00
  -1.8071580e+00
  -1.5808090e+00
  -1.1096930e+00
  -9.8929800e-01
  -6.1937000e-01
   3.2206000e-02
   2.3713500e-01
   3.0058300e-01
   4.7658100e-01
   4.2689800e-01
   5.7531600e-01
   6.7078700e-01
   4.3919500e-01
   8.6472000e-02
  -1.4816600e-01
   8.6638000e-02
   6.6353900e-01
   6.4171400e-01
   7.1756000e-01
   1.8572050e+00
   1.8369080e+00
   1.4210670e+00
   1.4763530e+00
   3.9924200e-01
  -3.3968700e-01
   6.5655100e-01
   6.7620600e-01
   6.0967100e-01
  -3.6627250e+00
  -3.9773970e+00
   3.7144540e+00
   9.5218970e+00
   9.8513920e+00
   6.4973250e+00
   4.1601880e+00
   2.0199300e+00
   4.1768700e-01
  -7.4633700e-01
  -1.5158590e+00
  -1.9488300e+00
  -2.1295070e+00
  -2.0838530e+00
  -1.9804750e+00
  -1.5915370e+00
  -2.2729620e+00
  -4.0366960e+00
  -5.1177240e+00
  -5.6054600e+00
  -5.5348710e+00
  -5.0057720e+00
  -4.2145820e+00
  -3.3172760e+00
  -2.5562580e+00
  -1.6301450e+00
  -7.4065500e-01
  -2.3293000e-01
   1.1048800e-01
   4.3792600e-01
   6.4731000e-01
   8.9744900e-01
   1.0468580e+00
   1.1886520e+00
   1.3275070e+00
   1.3837810e+00
   1.0973770e+00
   6.5915400e-01
   5.0350200e-01
   2.1617400e-01
   1.7021500e-01
   2.0391100e-01
   8.6385000e-02
   2.7431300e-01
   1.3928600e-01
   2.7719000e-01
   5.4586300e-01
   3.2070600e-01
   2.6577200e-01
   1.7847900e-01
  -9.1021000e-02
  -1.7185500e-01
  -1.6201500e-01
  -1.6968100e-01
   1.1091000e-02
   3.1771000e-01
   3.6195400e-01
   4.6993300e-01
   5.8291100e-01
   2.7667900e-01
   1.5543800e-01
   9.4552000e-02
   1.6696900e-01
   3.6270600e-01
   2.7675800e-01
   2.7414000e-01
   3.2721000e-01
   1.8607100e-01
   1.8314200e-01
   3.3788700e-01
   2.8779600e-01
   1.7988300e-01
   2.8328500e-01
   2.0970200e-01
   1.5779200e-01
   1.3136300e-01
   7.0632000e-02
   2.9496400e-01
   4.9482800e-01
   5.1005600e-01
   5.9735500e-01
   3.2179200e-01
   4.7400000e-02
   1.1947000e-02
   1.1379800e-01
   3.2963000e-01
   2.8951300e-01
   1.9447700e-01
   3.3834700e-01
   5.0306200e-01
   4.2433500e-01
   3.4673300e-01
   5.0423900e-01
   3.6048400e-01
   1.9554100e-01
   2.2274200e-01
   1.4813200e-01
   2.6023900e-01
   4.3483600e-01
   5.9173600e-01
   7.1442300e-01
   8.1759900e-01
   5.4172600e-01
   4.5702300e-01
   2.8762400e-01
  -7.5314000e-02
   1.7803000e-02
  -3.4000600e-01
  -6.9032100e-01
  -4.9232900e-01
  -3.8785900e-01
  -4.7504600e-01
  -5.6887900e-01
  -2.4080000e-01
  -1.7548100e-01
  -8.7385000e-02
  -1.2214200e-01
  -5.8226800e-01
  -5.9616800e-01
  -3.4809800e-01
  -2.6257400e-01
   1.5835400e-01
   3.4688900e-01
   1.3498100e-01
   4.2443100e-01
   2.9020000e-03
   1.9966500e-01
   4.3850600e-01
  -5.3266000e-02
  -2.4378200e-01
  -1.6564800e-01
  -3.3685200e-01
  -2.0226700e-01
  -2.7852100e-01
  -2.6585900e-01
   1.1420800e-01
   1.7385000e-02
  -2.6908000e-02
   2.8468000e-01
  -2.9281000e-02
   3.5671700e-01
   6.7398300e-01
   1.0590810e+00
   1.0093500e+00
   2.3314300e-01
   1.3946790e+00
