0.0274088241531435
-0.0614640342269953
-0.0197166491930491
-0.0125292773950178
-0.0239268156057123
-0.0676200876721170
0.00500508319525448
-0.0519454448755953
-0.00627531250979354
0.0329766118562998
-0.0303850159867906
0.0201696129660954
-0.00755307680936183
-0.0131891665452916
-0.0650574939197567
0.0642107382356219
-0.0524912924405260
0.0256707681910958
0.000297765125191035
-0.0136210053843315
-0.0136916941357740
-0.00121540582942775
-0.0249307756021039
0.0206492895664388
-0.0118077105913141
-0.0336631060001557
-0.0152857551616503
-0.0307524343515051
-0.0143139760602080
-0.0234463757135918
-0.00941056242114555
-0.0102214441643333
0.00336116815468748
-0.0336927795353172
0.00684889184108474
0.0583634887190185
-0.0289153940555324
0.0153594213630324
-0.00548908250277468
-0.0261627976822221
0.0357331304009172
0.00672527420727786
0.00426794388294693
-0.0156735210439063
-0.0138570411448513
0.00397233468686830
0.0116771186933271
0.0124401241276566
0.00366265552781895
-0.0473013131901097
0.00108494414093505
-0.0164970194183223
-0.0166098973350861
-0.0143778343428452
-0.0117148769228102
-0.0242577260386514
-0.000176545207326836
-0.0171819185958988
0.0140389968845067
0.0423554206199294
-0.0183852841754298
-0.0536309301320495
0.0191464291982066
0.00193021829727774
-0.0161252393790035
-0.0294551347284145
0.0143956639270550
-0.0322064221752852
0.0203206347978916
0.000363650280711982
-0.0240631286839546
-0.0486020816832596
0.000748514336936262
-0.0271366627991926
-0.0339102662944300
-0.0645113087243164
-0.00801904951763586
-0.0573986790122062
-0.0199497316588538
-0.0397465391817940
-0.0373184125558660
-0.0203690335170778
-0.0205203833846627
0.0154150693256899
-0.0136807279117986
-0.0766391230431324
0.0356865308642090
-0.0989041758386779
0.0347591748656796
-0.0568140335116662
-0.0141494315387688
0.00924585139725895
-0.00620875608154195
-0.0222043274801071
-0.0223648488605507
-0.0416221254954591
-0.0224445673981374
0.0143259288996010
-0.0341864392684840
0.00196675146447729
-0.0554867564119572
-0.0393166772622388
-0.0383878066802991
-0.0301929608397688
0.0347877687160701
-0.00433009420794290
-0.00344354176485857
0.00877206484689967
-0.0185308176375189
-0.00501099280240443
-0.00518704175721815
-0.00536035757473138
-0.0238706296904019
0.0140297460002963
-0.0256045740552200
0.000584238433078777
0.0312204114577519
-0.00551157028234693
-0.00422681762390929
-0.00129820406603208
-0.00694824388420944
0.0122472435416940
-0.00731031191559728
-0.00833779590109507
-0.0275190720290044
-0.0276955483521166
-0.0102217265182487
-0.000600659444184758
-0.00840281619901863
-0.00858764318758267
0.0309883546699074
0.0110616247498207
0.0108801905694546
0.00219132152534726
-0.00696219696931835
0.00825284106139731
0.0194151610645050
-0.00496334301638516
-0.0102714333455270
0.00955064920648981
-0.00779331372108776
0.0443018155481493
-0.00139256424637818
-0.00127411139732719
-0.00192741450396189
-0.0289312282305397
0.00572744408236619
-0.0316480838028713
-0.0128201331353324
-0.0465924137151075
-0.00957324451309323
-0.0430360477579302
-0.00375520285739158
0.00110625730594719
0.00666785623639057
-0.0128039449355449
-0.0137498054664672
0.00607447015248943
0.00588064921830913
-0.00609962792288431
-0.0191113677473237
0.0209227021937447
0.0127742440397024
-0.0327075306261920
-0.0154691154385319
-0.0149991642528550
0.0206212005139673
-0.0159236023479356
-0.00831766813427771
-0.0187516616859723
-0.0363650349058006
-0.00200085088386861
-0.0144783465459130
-0.0369608553225390
0.0187496975190414
-0.0632176307366844
0.00549036350884244
-0.0105623388490920
0.00925091148072051
0.00170326636977077
-0.0169832627648131
0.0415951355600753
-0.0185839450115410
0.000902559684375531
-0.00405709901929468
-0.00610796687288312
0.0355784919910765
-0.00585497921121831
-0.00202967273283412
-0.000283072586257882
-0.000186052654803162
0.0371689419807970
-0.00912108158279953
-0.0135479940014753
-0.00126667481446893
-0.00146117248788055
-0.0191266608958143
-0.00244851074866978
-0.0418908360473971
0.0362087425803952
0.00448278660594627
0.0242438989402025
0.0184338409782858
0.0230912342353666
0.0711037264031202
-0.00136264619839776
0.0369826217139857
0.0383422002188578
0.0526490504013126
0.0364112678778676
0.0457088917212107
0.0743282186453760
0.0198054058340533
0.0561382857122812
0.0560425127092374
0.0558576446370697
0.0556687936323288
0.0554847667679741
0.0553004785720516
0.0190745676294108
0.0541525096971742
0.0547490901229017
0.0526198734480272
0.0493295166387584
0.0770405318938249
0.0540160776751359
0.0889188628700354
0.0953610473275128
-0.00760630213084574
0.0792736545633709
0.0811235183599885
0.0492365013671660
0.0607580481999010
0.0692985790539637
0.0343373063958769
0.0939466167363094
0.0321281320456405
0.0584479797169452
0.0577842943214576
0.0540548317411366
0.0260643381480669
0.0471391322460834
0.0318558490217528
0.00857878647343758
-0.00676759729347320
0.0299858799642322
0.00476812404356009
-0.00705570015876156
0.00910783075702859
0.0464872797731154
0.0304097972817733
-0.0115833507650164
-0.00755906789866380
0.0235181761459638
0.00813640154730564
0.00797876340373236
0.00781927751639930
0.00766499840934140
-0.0125752213456102
0.00698070952031323
-0.0108408731736102
0.00705449773579655
-0.0102509821646834
-0.0213829978271395
-0.0289760922737680
0.0213506926045966
-0.0331345442780737
-0.0342061337822905
-0.0526785999384671
-0.0380437435576088
-0.0543442549469461
-0.0134440526661081
-0.0159897495974767
-0.0180664710782596
-0.0320917326325096
-0.0550372312020410
0.00445689142498477
-0.0207363629908803
-0.0302460930741124
-0.0245612589270794
-0.0264069356051843
0.00112864256186753
-0.0145193883461898
-0.0162893915597118
-0.0357467544325416
0.0181881350979738
-0.0334701859696751
-0.00595119398149246
0.00325925179473008
-0.0272962226018707
-0.0193185909385680
-0.0173245837497362
-0.0571995516158979
-0.0200308798792424
-0.0396680491175439
0.0150657157609717
-0.0167743825931168
0.00212653336030708
0.00200935746713202
0.00188686049271555
0.00176297865899607
0.000445312790203510
-0.0113284267483223
0.0145850793239930
0.0237145793322057
-0.00256537714939968
0.0351069152992749
0.0216706905545454
0.0212125561959604
0.0211019348269691
0.0259138052295895
0.0326274647376627
0.0207659371022110
0.00437519943255975
0.0780012784255330
0.000131309448680267
0.0196068435747902
0.00279027667889157
0.0201081904810797
0.0304309101260460
0.0404649594780761
0.0403588122138731
0.0402522373364963
0.0399990028976126
0.0207052641677489
0.0479946197081925
0.0338915044737985
0.0513520722696354
0.0509638815623928
0.0195528647493520
0.0601814506322852
0.0219704226438137
0.0651919115027447
0.0288094553136332
0.0447599788794829
0.0502179293535055
0.0216752831263157
0.0386437592195298
0.0371159984291155
-0.0125242794957449
0.0504906807965343
-0.00684496143907102
-0.0139936685962058
0.0503601045050238
0.0407785475168814
0.0174202727828926
0.0197163220992394
0.0527700764211679
-0.00373358771460136
0.0107906144855570
0.0375354564519495
0.000506211644588470
0.0369435876912748
0.0369172327489265
0.0166074692317646
0.0111180250482553
0.00283388767109964
0.0316490364867144
0.0237903344132629
-0.0226151396205149
0.0366569631280869
-0.00436652541747515
-0.00742881144302452
-0.0186308607899743
-0.0143746706295551
0.00229256466583873
-0.00144163372481553
-0.00486187387111746
-0.00494293513195520
0.0136003968714507
-0.0253093052938138
-0.00623508087690139
0.0277814934157678
-0.000923883163835410
0.0120996390933343
-0.0434722747547338
0.0147934428597458
0.0124471180656633
-0.0188145418394847
0.000589173181243940
-0.00457205265722574
0.00279368885344719
-0.0243909273317869
0.0131269969459202
-0.0263483741818856
0.0103320284486798
-0.0393596952794793
-0.0201834081970643
-0.0363874101696061
-0.0267906865354915
-0.00967221010220914
-0.0452395533981678
0.0135683425086470
-0.0243734013947950
0.0237254513568820
-0.0206278169686794
-0.00712107886266884
-0.00719741638536149
-0.00727463242554357
-0.00735055520969360
-0.0476483285046464
0.0312763414414680
-0.00758175320752716
-0.0144762940773230
-0.00667414782980278
-0.0160796339184986
0.00702069429547238
-0.00565518269586295
-0.0281893782890555
0.00987891543693798
-0.0210249288905265
-0.00896984140281953
-0.0273496472632181
-0.00839856635234105
-0.00847643576584856
-0.0281036675522667
-0.00826435881841115
0.0151459024913617
0.0202904057971861
-0.0244424946271446
0.0168744119297003
0.00160714986690733
0.00910837429637254
-0.00882295310489881
-0.00894402547195409
0.0297799174251941
0.0109900210465744
0.0109166732721258
0.0236255240300616
0.0178052691771787
-0.00876515738306265
0.0311150519884203
-0.0283363177527160
0.0290132164134705
0.00119938545998260
-0.0100806435221059
-0.0101599416228861
0.00688634923970559
-0.0286332444436297
0.0305632148306785
0.00682468246671356
-0.00350810012199473
0.0231422521489118
0.00967858551423520
0.0247500387314837
-0.00631971137507168
0.00774982559637551
0.0295223651442060
-0.00542860372383534
0.0453043654445995
0.0296839522139318
-0.00930975236692588
0.0180286025226701
0.0294423522495701
0.0501214901283764
-0.0275277783838419
0.0625145189253569
-0.0125572891539052
-0.0321134420517504
0.0113516078327431
-0.00312629296577784
-0.0320089295106334
0.00815447605732731
0.00807027547447079
0.0165165912219183
0.0250065397936154
0.0115340931746015
-0.00322822446103580
0.00590433668152964
0.00758554246872940
0.0272206620652630
-0.00816233759727063
0.0165421166676171
0.00594937700578363
0.0140877323488939
0.0243404078424183
-0.0115866811931225
0.0482178856136692
-0.0124499118838715
0.00675412155021508
-0.000532880999091284
0.00863378916050387
-0.0176151377400953
0.00169065298051000
-0.0333291829585368
-0.0141388030463724
-0.0127734066033148
-0.00225748548281511
-0.0297947938122563
0.0118119837210556
0.0263844805103303
-0.0108171773728870
-0.0147470706203373
-0.0146042773690281
0.00345535293477972
-0.0150256413961724
0.00230095420960718
0.000329903732185659
-0.0153038020326487
0.0227798917207041
-0.0354526247694039
0.0431322289681392
-0.0508786520580208
-0.0157661511596387
0.00322245549490194
-0.0279163414035392
-0.0429542077515749
-0.0170255823025808
-0.0363847445855638
-0.0168451195229588
-0.0366395765789217
-0.0367361902178402
-0.0302777827743534
-0.00184920055709730
0.00355425271511784
-0.0344467562038903
-0.0178902019895410
0.0214323744903425
-0.0534706592373044
-0.00764285844825414
0.00294379335601085
-0.0237724216181121
-0.0251832208646298
0.0215636530839563
-0.0380149599678878
0.00243188080133330
-0.00386211952025637
-0.0257459335474894
0.00211572538749929
-0.00910910693358645
-0.0365303659494269
-0.0387837390508072
-0.0388864219999330
-0.0187903232700350
-0.0188980282695179
-0.0190042464214715
-0.00884452467015340
-0.0267360688891756
0.0126924101166277
-0.0179867105492762
0.000828461459559936
-0.0184885127136179
-0.00314499157828598
-0.0145983997267325
0.0141671717885712
-0.00947079253649899
-0.00465110018487927
0.0204650017715120
-0.0400897480167406
0.0165884211596585
-0.0108309981471513
0.0202102395974364
-0.0180190189907464
0.00781409404634421
-0.0183450370336001
-0.000850080070057765
-0.0596318794420137
0.0116955004201957
-0.0417248913801556
-0.0137567642675108
0.0192070455383859
-0.0314834070337469
-0.00779944138661766
0.0396215538240069
-0.0215456558390819
0.00452968783127808
0.0132915667222790
-0.0155912815841194
0.0226814765810196
-0.0159168619776074
0.0587978791261844
-0.00468445577428765
-0.0169027230584832
0.0276931087098841
-0.00295169130018779
-0.00306859810322357
-0.00318149369425591
0.0162264845843291
-0.0439649172151552
-0.00352736903477625
-0.00677951671963596
-0.0110561612390171
0.00866664748890998
-0.0200495375321069
0.0110703589784838
-0.00370738501852954
-0.00418834436817286
0.0356647382549279
0.00815947501305367
0.00390189281837480
0.00303166203828117
-0.00494884880291517
0.0337244380582689
-0.00515590267821036
0.0152571954190762
0.0118450099506181
0.00128566662681179
0.0148942071207885
0.0147746638502442
0.0146507127336777
0.0145263514441787
-0.0264337795402616
0.00108887952879204
0.0263580062345319
-0.0191573602432440
-0.00103732246099760
-0.0193618684623471
-0.0110885552054307
0.0342974525665141
-0.00629027967905558
0.0132959044881556
0.0131776743420384
-0.00908476977255400
0.0173071720403515
-0.0213030476535398
0.0103283403568602
0.0331204457418093
0.00753980755267736
-0.00284980674327651
0.0121779052805819
0.0258605145513000
-0.00202330859560208
-0.00876413551031719
0.0324315823140286
0.00593075604245351
-0.0215932903542926
-0.00396176560210895
-0.00650391986347978
-0.0197593412225250
-0.0300112778002675
0.00879920956246868
0.0309048264788556
-0.0158232169606912
-0.0141306370104140
0.00272645129227773
0.00988034430007785
-0.00366342171806271
-0.0106161426385408
-0.0311254402276118
-0.00617750677712220
0.0303379624916857
0.000429186538803244
-0.0448111935163867
0.0162101032758665
0.0146386972780361
-0.0315593308961571
-0.0103355783533562
0.00725782239999987
-0.0201569736193420
-0.0144901312442876
-0.00181831221628834
-0.0299764586048831
-0.0328198175578845
-0.0730133870025039
0.0262161034408336
-0.0453403934627598
-0.00446577630428446
-0.0260752580054099
0.00265787262863360
-0.00638684652177990
-0.0526829712622704
0.0277645209525817
-0.0328443732253144
-0.0137370868412433
-0.0138523815581678
-0.00241991333611104
-0.00592858558485245
-0.0331384343022950
-0.0157842263988443
0.00615245336689449
0.00255628557224927
-0.0441170275308517
-0.0289200285297041
0.00570706155854225
-0.0275596570873950
-0.0354679561440429
-0.0152207329675291
-0.0344348144782835
-0.00355887474792909
-0.0474321958665175
0.0100217356098229
0.0151243362711813
-0.0316891411491575
-0.0182688853578705
0.00446794757583873
-0.0146740177902762
0.00431976539881744
-0.00405541899235470
-0.0164544146225564
-0.0165585123623981
0.00236340261397852
-0.0166758246911911
0.0238380152674540
0.00667411836135503
0.0109028854774527
-0.0171482309291202
-0.00259989394974224
-0.0147573861216055
0.00270058923080741
0.00303767125015964
0.00165912836833493
-0.0255481589723257
0.00619928146602211
0.0443217701942544
-0.0129143720633307
0.0415710775123390
0.0231581811370611
0.0202932516052838
-0.0153751556297965
0.0132062064663700
-0.00189997443573445
-0.00654513412201599
0.0414151319017155
0.0228373492109148
0.00257724964902680
0.0223838201085102
0.0223059597625183
0.0222228039473080
0.00623006752777439
0.00130687862727136
