-0.156758804056690
-0.144369512200916
-0.0646376210607412
-0.0447860076547458
-0.0330509447440720
-0.0422667832701598
-0.102564821512769
-0.107814567423006
-0.101542894907715
-0.119678682821489
-0.0493330302800142
-0.0181935481355285
-0.0174083197037630
-0.0131227764437932
-0.0431692801619204
-0.0659624038930942
-0.0842455575540851
-0.0813175889597864
0.000301659985629723
0.0138151541402702
0.00925085481963675
-0.00209773696764901
-0.0194887592991767
-0.0534919689375822
-0.0300248622779978
-0.0538780757311746
0.0306365917356987
0.0410780934628564
0.0246989370238909
0.0399377110828813
-0.00932128962649101
0.00585194696159133
-0.0598096176952113
-0.0279995843210109
-0.0281561716670703
0.0731385083234694
0.0384507227200312
0.0376130200997788
0.00173246748374436
-0.0163878954571300
-0.0495056406042365
-0.0600513049463090
0.0139505183780223
0.0515359608320770
0.0387550809850682
0.0476071730489057
0.0130975338753926
-0.0194732853185767
-0.0562126198589320
-0.0325351229051124
0.000378731179877658
0.0553618821045620
0.0487984806879253
0.0458767663513792
0.00746784550017723
-0.0282930868050236
-0.0631168107469125
-0.0544447584853248
0.00748316904185900
0.0458008134659359
0.0485905891414819
0.0482986590589457
0.0101116156103546
-0.0150361825419191
-0.0634972403113879
-0.0699885901160660
-0.0702805201986022
0.0348101191922418
-0.143671975311956
-0.133366626657996
-0.0659891504202606
-0.0240426124667759
-0.0507071503225637
-0.0716847923415281
-0.0726159608588913
0.0566586826352197
0.0442054427173947
0.0436277777383675
0.00940870125079543
-0.00797302004999554
-0.00848650135370241
-0.0582117293682470
-0.0204681500441642
0.0927090492814401
0.0588733404662853
0.0575494645026759
0.0299654024111110
-0.0103084607102847
-0.0204857958961083
-0.0421470998279843
0.00957562193338881
0.00243001251667043
0.0614913910730343
0.0461637694053720
0.0164854727540981
-0.0125460122685380
0.00392985025774420
-0.0128196487850912
-0.0426492869618181
0.0309067194717848
0.0617111853491560
0.0420045575184608
0.0247541524831429
-0.0107138515546342
-0.0152712721133990
-0.0272326719032770
-0.0778286877008639
0.0429555392983435
0.0368994316694945
0.0173944350598344
0.0168478966123568
-0.0322888108636728
-0.0836457747963542
-0.0840012340778008
-0.0680591459440828
-0.0514815983429238
0.0321648411954808
0.0134221516012222
-0.00428507630057715
-0.0228984043537575
-0.0599596614298331
-0.106145033451865
-0.109093511461896
0.0285338505488776
0.0127608754568508
0.0124689453743147
-0.00126229911420537
-0.0553056693429313
-0.0619110891252224
-0.0958820662811218
-0.103166260628840
-0.0474910233600901
0.0333832873215722
0.0101335047140255
0.00509467793310106
-0.0220730007715074
-0.0590529747681362
-0.0856302070672144
-0.0468041325057372
0.0465189886356245
0.0372432211649759
0.0249442524560545
0.0150950989585527
-0.0209024813734574
-0.0130868815119033
-0.0357555810703805
-0.0595389281114812
0.0630246990539349
0.0603607606899296
0.0402111982051340
0.0396059550189000
-0.0120224390454962
-0.0124192519119800
-0.0628562587860276
-0.0110914003845715
0.0249367543766189
0.0719742618240217
0.0565526596028591
0.0662640833660874
0.0141493265525356
-0.00832674630938999
-0.0191600407470783
-0.0102501459787495
-0.0137314834294612
0.0204688592537214
-0.129285422137014
-0.0465664300672003
-0.0465392535555539
-0.0436498589833926
-0.00931292688394545
-0.00794732309132882
-0.0217462842894068
0.0591342114716321
0.0802226137300647
0.0545647470129997
0.0363821454787369
0.0188305029634274
-0.0177339065972978
-0.0200084165102202
0.0250165688930043
0.101234160845693
0.0479949235340375
0.0827075874091362
0.0450942147193564
0.0255882403153246
-0.00925162574071456
-0.0196598401275322
0.0197679575931963
0.0635195422648233
0.0936299450540915
0.0873201187404972
0.0742843984211620
0.0447786432957559
0.00490550761407574
-0.0165453079176488
0.000674371673546805
0.104101660094576
0.107871172357057
0.0634425060933591
0.0603153865768690
0.00985999906960236
0.0415680283830723
-0.00873079116034101
-0.0273018409652733
0.0778170361466672
0.0931871412177629
0.0593540497060620
0.0700876115642416
0.0226740102318030
0.0156426744479635
-0.00943593342423941
0.00962508261977182
0.0646329059606951
0.103350499150256
0.0736650457703411
0.0661621275722621
0.0175171100675288
0.00275756618330694
0.00246563610077080
0.00217370601823466
0.0794916832051863
0.0728142997314138
0.0887176274481411
0.0722002050572771
0.0180422518179905
-0.000467384514813627
-0.0333941710775475
0.0165818977137363
0.00577344416747186
0.103971944022530
0.0789851182016201
0.0374913128413784
0.0207788671852353
0.0205372434637937
-0.00220524521980745
-0.00249717530234359
0.0443151838244950
0.0737430744220455
0.0792126652865207
0.0618878848777153
0.0208479558669220
-0.000595897012723643
-0.0205520888052607
0.00652182488014544
0.0429648946257923
0.100340656622365
0.0643359122043826
0.0808217336810581
0.0109968069303573
0.00846485340339478
-0.0207600461342195
0.00778191692715216
0.0121771339015476
0.0934154649493519
0.0798666953616941
0.0669430922185731
0.0348378122822008
0.00358867416928957
0.0124973313038265
-0.0100539273561034
0.0516505396772301
0.0778231847839412
0.0775312547014050
0.0772393246188689
0.00852483079738122
0.00603399552724295
0.00574206544470681
-0.0289790024207489
0.00853497669058414
0.110233233725555
0.0751958140411159
0.0673581600936780
0.0214242366928647
0.00826024150390450
-0.0278803845672767
-0.00349560172035299
0.0656975215190962
0.0996796227386275
0.0908913867237763
0.0527108636025361
0.0366690498914416
-0.00672785612551094
-0.0162178891815422
0.0312177997644711
0.0188006657585535
0.124031252476906
0.0885562028329764
0.0876801061650629
0.0343336092311525
0.0331945150485714
0.0119578119735501
-0.00155618661869670
0.0292176518488351
0.126649266575626
0.0751779212429270
0.0768141016625018
0.0705356827064569
0.0109610393399310
-0.00359969719644968
0.0197122876578103
0.0430369792893629
0.0980382352850577
0.102070189311013
0.101778259228477
0.0296632201674451
0.0470017543244389
0.0272561639029224
0.00827862088468625
0.00797452412242419
0.131482445506193
0.0912720221744531
0.0812576940000837
0.0677437366506789
0.0356342216665505
0.00349058487301926
0.00937816705061114
0.0496923510566771
0.0930751459023164
0.0812075509469127
0.0961602387129462
0.0455788414730109
0.0255411286025217
-0.0450410807023379
-0.0272523715967828
0.0118260054461251
0.0953557974126819
0.0936722339303874
0.0673226479306456
0.0343570318092047
-0.0101102070229139
-0.0451445685516981
-0.0132333899201423
0.00412293357494744
0.0211967555170262
0.0299661095349230
0.0528482945351107
0.0194025115502218
-0.0289202072353424
-0.0171700035613623
-0.0155688305804314
-0.0487111145543689
0.0175574649397886
-0.0856526129597984
-0.318474852017365
-0.307317887327501
-0.263110201046853
-0.197260072264487
-0.0391136765427940
-0.0354852746289275
0.0164521987479024
-0.00131544546089865
0.0153924870600847
-0.0193639216534013
-0.0184852348388687
-0.00620925763061861
-0.0270628026339142
0.0304882881934502
-0.0652034059683822
-0.281613786406758
-0.215916176606416
-0.0944898299022382
0.0144652958713604
0.0170595355140991
0.00277815408042295
-0.139603335694188
-0.276188179548840
-0.104141824491014
0.0142254466637614
0.0202208035419350
-0.00293988942566190
0.00607194376596856
-0.0182593659034790
0.000234369126224234
0.0431591490929157
0.0292722971202052
0.0101156729157538
-0.00892170533315659
-0.00926126595737329
-0.0267283693516912
-0.0110277397921562
-0.0424173469020429
0.0164656555236459
0.0403627235483640
0.0193091460362741
-0.0131740226486488
-0.0401941292993498
-0.0345249397498536
-0.0570703921735619
-0.0592527827691652
0.0184390270094369
0.0390545583313188
-0.000726905796848729
-0.0572892838922175
-0.0514372839898550
-0.0489140584255899
-0.0492059885081261
-0.0971989496911835
0.0341237511236467
0.0208063405715230
0.00181008820708653
-0.0523778933303264
-0.0867130521061504
-0.101977796800265
-0.0837078015733977
-0.0637190453214872
-0.00465405861761989
0.0311323575749573
-0.0104666720316414
-0.0667831182143329
-0.105229118093759
-0.0827467732929484
-0.0914904758609495
-0.0788291865053979
-0.00737748488415266
0.0533682367353047
0.000411045882888008
-0.0626782417634691
-0.0727746387262401
-0.0730665688087762
-0.0878480226256174
-0.0673348890278452
0.0612000483015859
0.0670385794066754
0.0311367766350165
-0.00736417663057351
-0.108889350061492
-0.0900344717570419
-0.0673015788948946
-0.272574203988544
0.171527215428296
0.178590570024458
-0.00243977649623725
-0.240071874571308
-0.365872250784750
-0.347852204203127
-0.300758932519912
-0.186175394500259
-0.0280627461396582
0.0837327696005034
0.0150062614831891
-0.0230831698548813
-0.0526941935823281
-0.0484793280892276
-0.0564141788489317
0.0169617426217409
0.159474466545282
0.127598403888894
0.0484491973686329
-0.0120904595806687
-0.0126671340571670
0.00567623574819423
0.0243432053729921
0.0429329201916750
0.0799030099945594
0.158161647728707
0.0979499894395902
0.0173191425032690
-0.00902919629820462
0.0478433284725620
0.0428314288062041
0.0753735767451126
0.145795045375829
0.148669329675191
0.0919128891013192
0.0902753211902156
0.00244166792679281
0.0595392516285160
0.0722429457505062
0.0669812546846759
0.104125057401430
0.154564324072524
0.127055818814652
0.0438235936399126
0.0282715890348954
0.0505893803800654
0.0171627559204121
0.0493462278424467
0.0694593783666428
0.143338866400081
0.0997463441383989
0.0446475299512527
-0.0323457774663248
-0.0141973999741885
-0.0314679032439228
0.00887679357994711
0.0972515541162592
0.0802602351768262
0.0480631240418263
-0.0350048950382934
-0.0754775804190138
-0.0132419448677948
-0.0891749081249923
-0.0479152298957114
-0.0101170920444641
0.0642765033030723
-0.0103548159089278
-0.0320540103300425
-0.0961290453291313
-0.0989384096012470
-0.135482681856919
-0.142149239657011
-0.0348893618640214
0.0567314216514744
-0.0184297573033539
-0.0763970168104982
-0.132335235210393
-0.118537301276951
-0.0869386885682489
-0.0821940878347108
-0.00996009107159810
-0.00424179932824784
-0.0130381887428935