  -46.7765
  -36.5213
   30.7056
   77.4674
  109.9823
   39.8068
   -9.1521
  -26.3797
   52.3605
   85.0551
   60.2617
   18.6473
  -22.4124
  -56.0662
  -31.0783
    7.0409
   56.2212
    1.9173
  -41.5110
  -49.7596
  -27.0324
   12.9268
   65.7723
    4.7267
  -24.0185
  -10.1573
   38.6232
   67.8893
   63.7909
   22.2830
  -26.6244
  -60.6050
  -68.4107
  -68.0495
  -56.0165
   -7.7709
   -5.4145
  -25.7598
  -35.1055
    9.6022
   66.4152
   93.5469
   93.8630
   56.3630
    4.1640
  -27.2539
  -18.1630
  -25.6970
  -41.9410
  -64.9016
  -74.8026
  -50.0392
  -15.2331
   14.9393
  -16.1759
  -53.9757
  -63.6845
  -41.5983
  -14.6103
   15.8244
  -21.0745
  -51.1781
  -62.3656
  -21.8250
  -35.0057
  -65.8308
  -90.7601
  -95.8621
  -86.8227
  -80.9886
  -90.6783
  -90.6783
  -80.0891
  -63.8875
  -45.0196
  -48.4899
  -61.4432
  -77.3383
  -77.3383
  -39.0518
   30.6731
  142.5612
  149.0811
   32.7017
    2.1226
  -14.6146
  -23.7889
   20.9091
   20.2717
  -56.6513
  -43.4329
   -4.7006
   53.1507
   48.0812
   20.5101
  -40.8106
  -22.6329
   17.1855
   76.7094
   79.8191
   61.5217
    7.4677
  -26.3232
  -27.5292
   38.0445
   67.7601
   75.8246
   -0.9335
  -50.6021
  -68.0783
  -53.7925
  -32.9174
   -7.9390
   21.9755
   -9.6589
  -36.3671
  -13.8446
   70.7436
  159.9064
   64.2543
  -12.8491
  -63.4120
  -58.6043
  -34.1658
  -15.3829
  -34.0745
  -33.4921
  -30.6483
  -30.6483
   72.0713
  161.6442
   86.6442
   38.4504
   16.7113
   16.0417
   30.1913
   62.7117
   66.1465
   53.6336
   -0.9119
  -14.1578
   -7.7612
    5.3967
   12.4061
    9.0880
  -33.3649
  -40.4847
  -17.4998
   43.9756
   50.9538
   31.0654
  -10.2190
  -33.4130
  -35.1223
   -0.0346
   46.8322
   96.5172
  108.0557
   97.7747
   37.4298
    2.0908
   -5.2791
   36.3876
   55.0303
   63.6908
   79.5638
   69.4338
   16.8023
   -6.2432
    4.7880
   61.2396
   81.9230
   88.9567
   80.8922
   50.4734
  -13.1630
    3.0148
   22.7772
   39.5839
   39.2756
   29.6451
    2.8594
  -14.2219
  -16.3859
    9.7010
   16.0417
   24.1287
   60.4190
   30.8962
  -36.6641
  -32.0345
  -27.4346
  -19.6151
   -1.9160
  -14.4071
  -33.4632
  -42.8971
  -20.3006
   10.5455
   47.7356
   42.7947
   17.0766
  -40.0663
  -35.7107
  -16.0708
    5.8590
    9.3717
   -5.9677
  -54.0446
  -57.3283
  -47.2479
  -27.4946
    2.9402
    0.3669
  -24.5128
  -29.1424
  -30.6483
  -27.4858
  -13.9723
   14.6821
   32.5535
  -28.7672
  -66.5417
  -92.7120
 -112.1472
 -122.7855
  -93.4230
  -69.6098
  -58.7839
  -68.5879
  -45.3719
   12.9715
  123.6858
  141.6617
   53.4264
  -15.8569
  -55.2988
  -63.9983
  -63.9983
  -78.7445
  -92.7664
  -95.3490
  -75.7412
   13.5681
  127.2045
   56.9674
    3.7583
  -23.7647
    1.9063
   42.4729
  100.1652
   72.4057
   18.7365
   -3.7860
   23.3013
   70.0558